119 bus Phase Data
Node Phases Number PhaseA PhaseB PhaseC
1     ABCN      3 1 2 3
2       ABCN      3 1 2 3
3        BN	  1 0 2 0
4        CN       1 0 0 3
5        CN       1 0 0 3
6        CN       1 0 0 3
7        CN       1 0 0 3
8       ABCN      3 1 2 3
9       ABCN      3 1 2 3
10       AN        1 1 0 0
11      AN        1 1 0 0
12      AN        1 1 0 0
13      BN	  1 0 2 0
14      ABCN      3 1 2 3
15      AN        1 1 0 0
16      CN        1 0 0 3
17      CN        1 0 0 3
18      CN        1 0 0 3
19      CABN      3 1 2 3
20      AN        1 1 0 0
21      AN        1 1 0 0
22      CABN      3 1 2 3
23      BN	  1 0 2 0
24      CABN      3 1 2 3
25      CN        1 0 0 3
26      CABN      3 1 2 3
27      ACN       2 1 0 3
28      ACN       2 1 0 3
29      CABN      3 1 2 3
30      CABN      3 1 2 3
31      CABN      3 1 2 3
32      ABCN      3 1 2 3
33      CN        1 0 0 3
34      CN        1 0 0 3
35      AN        1 1 0 0
36      CN        1 0 0 3
37      ACBN      3 1 2 3
38      ABN       2 1 2 0
39      AN        1 1 0 0
40      BN        1 0 2 0
41      BN        1 0 2 0
42      ABCN      3 1 2 3
43      CN        1 0 0 3
44      ABCN	  3 1 2 3
45      BN        1 0 2 0
46      ABCN	  3 1 2 3
47      AN        1 1 0 0
48     AN        1 1 0 0
49      ABCN	  3 1 2 3
50      CBAN      3 1 2 3
51      CBAN	  3 1 2 3
52      CBAN	  3 1 2 3
53      CBAN	  3 1 2 3
54      ABCN      3 1 2 3
55      ABCN      3 1 2 3
56      ABCN	  3 1 2 3
57      ABCN	  3 1 2 3
58      ABCN	  3 1 2 3
59      ABCN	  3 1 2 3
60      ABCN	  3 1 2 3
61      BN        1 0 2 0
62      BN        1 0 2 0
63      BCAN      3 1 2 3
64      BACN      3 1 2 3
65      ABCN      3 1 2 3
66      ABCN      3 1 2 3
67      ABCN      3 1 2 3
68      ABCN      3 1 2 3
69      ABCN      3 1 2 3
70      ACBN      3 1 2 3
71      AN        1 1 0 0
72      AN        1 1 0 0
73      AN        1 1 0 0
74      AN        1 1 0 0
75      BCAN	  3 1 2 3
76      CN        1 0 0 3
77      CN        1 0 0 3
78      CN        1 0 0 3
79     BCAN      3 1 2 3
80      ACBN	  3 1 2 3
81      ACBN	  3 1 2 3
82      ACBN	  3 1 2 3
83      ACBN	  3 1 2 3
84      ACBN	  3 1 2 3
85      ACBN	  3 1 2 3
86     ACBN	  3 1 2 3
87      CN        1 0 0 3
88      CN        1 0 0 3
89      BCAN	  3 1 2 3
90      ACBN      3 1 2 3
91      AN        1 1 0 0
92     ACBN      3 1 2 3
93      BN        1 0 2 0
94      ACBN      3 1 2 3
95      CN        1 0 0 3
96      ACBN      3 1 2 3
97      AN        1 1 0 0
98      ACBN      3 1 2 3
99      BN        1 0 2 0
100      BCAN      3 1 2 3
101      BCAN      3 1 2 3
102      BCAN      3 1 2 3
103     BCAN      3 1 2 3
104     ABCN      3 1 2 3
105     ABCN      3 1 2 3
106     CN	  1 0 0 3
107     CN        1 0 0 3
108     CN        1 0 0 3
109     BCAN      3 1 2 3
110     BN        1 0 2 0
111     BN        1 0 2 0
112     BCAN      3 1 2 3
113     AN        1 1 0 0
114     AN        1 1 0 0
115     AN        1 1 0 0
116     AN        1 1 0 0
117     AN        1 1 0 0
118     AN        1 1 0 0
119    ABCN       3 1 2 3
Different number of conductors 13
Conductor  Phase Res_A           Xl_A         Res_B        Xl_B        Res_C         Xl_C
1          A     0.4576        1.0780         0.1560       0.5017      0.1535       0.3849
1          B     0.1560        0.5017         0.4666       1.0482      0.1580       0.4236
1          C     0.1535        0.3849         0.1580       0.4236      0.4615       1.0651
2          A     0.4666        1.0482         0.1580       0.4236      0.1560       0.5017
2          B     0.1580        0.4236         0.4615       1.0651      0.1535       0.3849
2          C     0.1560        0.5017         0.1535      0.3849       0.4576       1.0780
3          A     0.4615        1.0651         0.1535      0.3849       0.1580       0.4236
3          B     0.1535        0.3849         0.4576      1.0780       0.1560       0.5017
3          C     0.1580        0.4236         0.1560      0.5017       0.4666       1.0482
4          A     0.4615        1.0651         0.1580      0.4236       0.1535       0.3849
4          B     0.1580        0.4236         0.4666      1.0482       0.1560       0.5017
4          C     0.1535        0.3849         0.1560      0.5017       1.3294      1.3471
5          A     0.4666        1.0482         0.1560      0.5017       0.1580      0.4236
5          B     0.1560        0.5017         0.4576      1.0780       0.1535      0.3849
5          C     0.1580        0.4236         0.1535      0.3849       0.4615      1.0651
6          A     0.4576        1.0780         0.1535      0.3849       0.1560      0.5017
6          B     0.1535        0.3849         0.4615      1.0651       0.1580      0.4236
6          C     0.1560        0.5017         0.1580      0.4236       0.4666      1.0482
7          A     0.4576        1.0780         0.0000      0.0000       0.1535      0.3849
7          B       0            0             0             0            0           0 
7          C     0.1535        0.3849         0             0          0.4615      1.0651
8          A     0.4576        1.0780         0.1535      0.3849       0.0000      0.0000
8          B     0.1535        0.3849         0.4615      1.0651       0.0000      0.0000
8          C       0            0             0             0           0            0
9          A    1.3292         1.3475         0.0000      0.0000       0.0000       0.0000
9          B       0             0              0            0           0           0
9          C       0             0              0            0           0           0
10         A       0             0           0.0000      0.0000       0.0000       0.0000
10         B       0             0           1.3292      1.3475          0          0
10         C       0             0              0            0           0          0
11         A       0             0           0.0000      0.0000       0.0000       0.0000
11         B       0             0             0            0           0           0
11         C       0             0             0            0         1.3292        1.3475
12         A     1.5209       0.7521         0.5198       0.2775       0.4924       0.2157
12         B     0.5198       0.2775         1.5329       0.7162       0.5198       0.2775
12         C     0.4924       0.2157         0.5198       0.2775      1.5209       0.7521
20         A     0.001         0.001          0.001         0.001      0.001        0.001 
20         B     0.001          0.001         0.001        0.001        0.001       0.001 
20         C     0.001          0.001         0.001        0.001       0.5           0.001 
118 Branch Data
Branch Index From Bus To Bus   Phases Number PhaseA PhaseB PhaseC Conductor  Length (feet)     
1         1          2      ABCN      3        1      2       3      1         400     
2         2          3       BN       1        0      2       0      10        175
3         2          4       CN       1        0      0       3      11        250
4         4          5       CN       1        0      0       3      11        200
5         4          6       CN       1        0      0       3      11        325
6         6          7       CN       1        0      0       3      11        250
7         2          8       ABCN     3        1      2       3      1         300
8         8          9       ABCN     3        1      2       3      1         200
9        9          10      AN       1        1      0       0      9         225
10        15        11       AN       1        1      0       0      9         250
11        15        12       AN       1        1      0       0      9         250
12       9         13       BN       1        0      2       0      10        225
13        9         14       ABCN     3        1      2       3      1         300
14        10        15       AN       1        1      0       0      9         425
15        36        16       CN       1        0      0       3      11        100
16        16        17       CN       1        0      0       3      11        375
17        16        18       CN       1        0      0       3      11        350
18        14        19       CABN     3        1      2       3      2         825
19        19        20       AN       1        1      0       0      9        250
20        20        21       AN       1        1      0       0      9        325
21        19        22       CABN     3        1      2       3       2        300
22        22        23       BN       1        0      2       0      10        525
23        22        24       CABN     3        1      2       3      2        250
24        24        25       CN       1        0      0       3      11        550
25        24        26       CABN     3        1      2       3      2         275 
26        26        27       ACN      2        1      0       3      7         350
27        27        28       ACN      2        1      0       3      7         275
28        26        29       CABN     3        1      2       3      2         200
29        29        30       CABN     3        1      2       3      2         300
30        30        31       CABN     3        1      2       3      2         350
31        31        32       CABN     3        1      2       3      2         200
32        27        33       CN       1        0      0       3      11        225
33        33        34       CN       1        0      0       3      11        300
34        28        35       AN       1        1      0       0      9         500
35        14        36      CN        1        0      0       3      11        150 
36        19        37       CBAN     3        1      2       3      4         375
37        37        38       ABN      2        1      2       0      8         650
38        38        39       AN       1        1      0       0       9         300
39        38        40       BN       1        0      2       0      10        250
40        40        41       BN       1        0      2       0      10        325
41        37        42       ABCN     3        1      2       3       1         250 	
42        42        43       CN       1        0      0       3      11        325
43        42        44       ABCN     3        1      2       3       1         250
44        44        45       BN       1        0      2       0      10        500
45        44        46       ABCN     3        1      2       3      1         200
46        46        47       AN       1        1      0       0      9         200
47        47        48       AN       1        1      0       0      9         300
48        46        49       ABCN     3        1      2       3       1         250
49        49        50       CBAN     3        1      2       3      4         150
50        49        51       CBAN     3        1      2       3      4         250 
51        51        52       CBAN     3        1      2       3      4         250
52        52        53       CBAN     3        1      2       3      4         250
53        53        54       ABCN     3        1      2       3      4         500
54        14        55      ABCN      3        1      2       3      1         400
55        55        56       ABCN     3        1      2       3      1         200
56        56        57       ABCN     3        1      2       3      1         125
57        57        58       ABCN     3        1      2       3      1         275 
58        58        59       ABCN     3        1      2       3       1         275
59        57        60       BCAN     3        1      2       3      3         350
60        60        61       BN       1        0      2       0      10        250
61        61        62       BN       1        0      2       0      10        250
62        60        63       BCAN     3        1      2       3       3         750
63        63        64       ABCN     3        1      2       3      5         550
64        63        65      ABCN      3        1      2       3      12        250
65        65        66       ABCN     3        1      2       3      12         175
66        66        67       ABCN     3        1      2       3      12         350
67        67        68       ABCN     3        1      2       3      12         425
68        68        69       ABCN     3        1      2       3      12        325
69        63        70       ABCN     3        1      2       3       6        350
70        70        71       AN       1        1      0       0      9         200 
71        71        72       AN       1        1      0       0      9         275	
72        72        73       AN       1        1      0       0      9         325
73        73        74       AN       1        1      0       0      9         275
74        70        75       BCAN     3        1      2       3      3         275
75        75        76       CN       1        0      0       3      11        275
76        76        77       CN       1        0      0       3      11         350
77       77        78       CN       1        0      0       3      11         400
78       75        79       BCAN     3        1      2       3      3         200
79        79        80       ACBN     3        1      2       3      6         400
80        80        81       ACBN     3        1      2       3      6         100 
81        81        82       ACBN     3        1      2       3      6         225
82        81        83       ACBN     3        1      2       3      6         475
83        83        84       ACBN     3        1      2       3      6         475
84        84        85       ACBN     3        1      2       3      6         250
85        85        86       ACBN     3        1      2       3      6         250
86        84        87        CN      1        0      0       3      11         675
87        87        88       CN       1        0      0       3      11        475
88        79        89       BCAN     3        1      2       3      3         700
89        89        90       ACBN     3        1      2       3      6         450
90        90        91       AN       1        1      0       0      9         175
91        90        92       ACBN     3        1      2       3      6         275
92        92        93       BN       1        0      2       0      10        225 	
93        92        94       ACBN     3        1      2       3      6         225
94        94        95       CN       1        0      0       3      11        300
95       94        96       ACBN     3        1      2       3      6         225
96       96        97       AN       1        1      0       0      9         275
97       96        98       ACBN     3        1      2       3      6         300
98       98        99       BN       1        0      2       0      10        200
99       70       100       BCAN     3        1      2       3      3         250
100      100       101       BCAN     3        1      2       3      3         275
101      101       102       BCAN     3        1      2       3      3         550
102      102       103       BCAN     3        1      2       3      3         300
103      103       104       BCAN     3        1      2       3      3         800
104     100       105      BCAN      3        1      2       3      3         250
105      105       106       CN       1        0      0       3      11        225
106      106       107       CN       1        0      0       3      11        325
107      107       108       CN       1        0      0       3      11        700
108      105       109       BCAN     3        1      2       3      3         275 
109      109       110       BN       1        0      2       0      10        225
110     110       111       BN       1        0      2       0      10        575
111      109       112       BCAN     3        1      2       3      3         325
112      112       113       AN       1        1      0       0      9         450
113      113       114       AN       1        1      0       0       9         300
114      114       115       AN       1        1      0       0       9         575
115      114       116       AN       1        1      0       0       9         125
116      116       117       AN       1        1      0       0       9         525
117     117       118       AN       1        1      0       0      9         325
118      112       119      BCAN      3        1      2       3      3        1000
Net generation in the system in kW/kVar
Bus    Pgen_A    Pgen_B     Pgen_C     Qgen_A     Qgen_B    Qgen_C
1       1420      915        1155        775       515       635
2        0         0           0          0         0         0
3        0         0           0          0         0         0
4        0         0           0          0         0         0
5        0         0           0          0         0         0
6        0         0           0          0         0         0
7        0         0           0          0         0         0 
8        0         0           0          0         0         0
9        0         0           0          0         0         0
10       0         0           0          0         0         0
11       0         0           0          0         0         0
12       0         0           0          0         0         0
13       0         0           0          0         0         0
14        0         0           0          0         0         0 
15        0         0           0          0         0         0
16        0         0           0          0         0         0
17        0         0           0          0         0         0
18        0         0           0          0         0         0
19        0         0           0          0         0         0
20        0         0           0          0         0         0 
21       0         0           0          0         0         0
22       0         0           0          0         0         0
23       0         0           0          0         0         0
24       0         0           0          0         0         0
25       0         0           0          0         0         0
26       0         0           0          0         0         0
27        0         0           0          0         0         0 
28        0         0           0          0         0         0
29        0         0           0          0         0         0
30        0         0           0          0         0         0
31        0         0           0          0         0         0
32        0         0           0          0         0         0
33        0         0           0          0         0         0 
34        0         0           0          0         0         0
35        0         0           0          0         0         0
36       0         0           0          0         0         0
37       0         0           0          0         0         0
38       0         0           0          0         0         0
39       0         0           0          0         0         0
40        0         0           0          0         0         0 
41        0         0           0          0         0         0
42        0         0           0          0         0         0
43        0         0           0          0         0         0
44        0         0           0          0         0         0
45        0         0           0          0         0         0
46        0         0           0          0         0         0 
47       0         0           0          0         0         0
48       0         0           0          0         0         0
49       0         0           0          0         0         0
50       0         0           0          0         0         0
51       0         0           0          0         0         0
52       0         0           0          0         0         0
53        0         0           0          0         0         0
54        0         0           0          0         0         0
55        0         0           0          0         0         0
56        0         0           0          0         0         0 
57       0         0           0          0         0         0
58       0         0           0          0         0         0
59       0         0           0          0         0         0
60       0         0           0          0         0         0
61       0         0           0          0         0         0
62      0         0           0          0         0         0
63        0         0           0          0         0         0 
64        0         0           0          0         0         0
65        0         0           0          0         0         0
66        0         0           0          0         0         0
67        0         0           0          0         0         0
68        0         0           0          0         0         0
69        0         0           0          0         0         0 
70        0         0           0          0         0         0
71        0         0           0          0         0         0
72       0         0           0          0         0         0
73       0         0           0          0         0         0
74       0         0           0          0         0         0
75       0         0           0          0          0      0
76       0         0           0          0         0         0
77        0         0           0          0         0         0 
78        0         0           0          0         0         0
79        0         0           0          0         0         0
80        0         0           0          0         0         0
81        0         0           0          0         0         0
82        0         0           0          0         0         0
83        0         0           0          0         0         0 
84        0         0           0          0         0         0
85        0         0           0          0         0         0
86       0         0           0          0         0         0
87       0         0           0          0         0         0
88       0         0           0          0         0         0
89       0         0           0          0         0         0
90        0         0           0          0         0         0 
91        0         0           0          0         0         0
92        0         0           0          0         0         0
93        0         0           0          0         0         0
94        0         0           0          0         0         0
95        0         0           0          0         0         0
96        0         0           0          0         0         0 
97       0         0           0          0         0         0
98       0         0           0          0         0         0
99       0         0           0          0         0         0
100       0         0           0          0         0         0
101       0         0           0          0         0         0
102       0         0           0          0         0         0
103        0         0           0          0         0         0
104        0         0           0          0         0         0
105        0         0           0          0         0         0
106        0         0           0          0         0         0 
107       0         0           0          0         0         0
108       0         0           0          0         0         0
109       0         0           0          0         0         0
110       0         0           0          0         0         0
111       0         0           0          0         0         0
112      0         0           0          0         0         0
113        0         0           0          0         0         0 
114        0         0           0          0         0         0
115        0         0           0          0         0         0
116        0         0           0          0         0         0
117        0         0           0          0         0         0
118        0         0           0          0         0         0
119        0         0           0          0         0         0 
Net loads in the system in kW/kVar
Bus   Pload_A   Pload_B   PLoad_C   Qload_A  Qload_B   Qload_C
1       0         0        0       0           0           0
2       40        0         0       20          0           0 
3      0        20         0       0          10           0
4       0         0        0       0           0           0
5       0         0        40       0           0          20
6      0         0        20       0           0          10
7       0         0        40       0           0          20
8      20         0        0        10          0          0 
9       0         0        0       0           0          0
10      40         0        0        20          0          0
11     20         0        0        10          0          0
12     40         0        0        20          0          0
13      0        20       0        0          10          0
14      0         0        0       0           0          0
15      0         0        0       0           0          0
16     0         0        0       0           0          0
17      0         0        40       0           0         20
18      0         0        20       0           0         10
19      0         0        0       0           0          0
20     40         0        0       20           0          0 
21     40         0        0       20           0          0 
22      0         0        0       0           0          0
23      0        40        0        0          20         0
24      0         0        0       0           0          0
25      0         0        40       0           0         20
26      0         0        0       0           0          0
27      0         0        0       0           0          0
28      0         0        0       0           0          0
29     40         0        0       20           0          0 
30     40         0        0       20           0          0 
31      0         0        40       0           0         20
32     0         0           0          0         0         0
33      0         0        20       0           0         10
34      0         0        20       0           0         10
35     40         0        0       20           0          0 
36      0         0        40       0           0         20
37     40         0        0       20           0          0 
38      0         0        0       0           0          0
39     40         0        0       20           0          0 
40      0        20       0        0          10          0
41      0        20        0       0          10          0
42      0         0        0       0           0          0
43      0         0        20       0           0         10
44     20         0        0       10           0          0 
45     0        40        0        0          20          0
46      0         0        0       0           0          0
47     20         0        0       10          0           0 
48     20         0        0       10          0           0 
49     35        35       35       25          25         25
50    70        70       70       50          50         50
51     35        70       35       25          50         20
52     0          0        40       0           0          20    
53     20         0        0        10          0           0 
54     0         0           0          0         0         0
55     40         0        0        20          0           0
56     40         0        0        20          0           0
57      0         0        0       0           0          0
58     20         0        0        10          0           0 
59     0         20        0       0          10           0
60     0         0        0       0           0          0
61     0         20        0       0          10           0
62     0         20        0       0          10           0
63     20         0        0        10          0           0 
64      0         0        0       0           0          0
65     0          0        40       0           0          20 
66     40         0        0        20          0           0
67     0         75       0        0          35           0
68    35        35       70       25         25          50
69     0          0        75       0           0          35
70     0         0        0       0           0          0
71     20         0        0        10          0           0 
72     40         0        0        20          0           0
73     20         0        0        10          0           0
74     40         0        0        20          0           0
75      0         0        0        0           0           0
76     0          0        40       0           0          20 
77     0          0        40       0           0          20 
78     0          0        40       0           0          20 
79    105        70        70      80          50          50
80      0        40        0       0           20          0
81      0         0        0       0           0          0
82     40         0         0        20          0          0
83      0        40        0        0          20          0  
84      0         0        0       0           0          0  
85     40         0         0        20          0          0
86      0         0        20       0           0         10
87      0         0        20       0           0         10
88      0         0        40       0           0         20
89     0         20        0       0           10          0
90      0        40        0        0          20          0
91     40         0         0        20          0          0
92      0         0        0       0           0          0
93      0        40        0        0          20          0
94     0         0        0       0           0          0
95      0         0        40       0           0         20
96      0         0        0       0           0          0
97     40         0         0        20          0          0
98     0         20        0       0           10          0
99     0         20        0       0           10          0
100      0         0        0       0           0          0
101     40         0         0        20          0          0
102      0        40        0        0          20          0  
103     0         0       40       0           0          20 
104     0         0           0          0         0         0 
105     0         0           0          0         0         0
106     0         0        20      0           0         10
107     0         0       40       0           0          20  
108     0         0       40       0           0          20 
109     0         0        0        0           0          0
110     0        40        0        0          20          0 
111     0        40        0        0          20          0 
112      0        0        0       0           0          0
113    40         0         0        20          0          0
114     0         0        0       0           0          0
115    20         0         0        10          0          0
116   20         0        0        10           0           0
117    40         0         0        20          0          0
118    20         0         0        10          0          0
119      0         0           0          0         0         0
Multiplying Factor 1
Bus Z(P) I(P) Constant(P) Z(Q)   I(Q)   Constant(Q)
1     0  0        0        0      0        0 
2     0  0        0        0      0        0
3     0  0        0        0      0        0
4     0  0        0        0      0        0
5     0  0        0        0      0        0 
6     0  0        0        0      0        0
7     0  0        0        0      0        0
8     0  0        0        0      0        0
9     0  0        0        0      0        0 
10     0  0        0        0      0        0
11     0  0        0        0      0        0
12     0  0        0        0      0        0
13     0  0        0        0      0        0
14     0  0        0        0      0        0 
15     0  0        0        0      0        0
16     0  0        0        0      0        0
17     0  0        0        0      0        0
18     0  0        0        0      0        0 
19     0  0        0        0      0        0
20     0  0        0        0      0        0
21     0  0        0        0      0        0
22     0  0        0        0      0        0 
23     0  0        0        0      0        0
24     0  0        0        0      0        0
25     0  0        0        0      0        0
26     0  0        0        0      0        0
27     0  0        0        0      0        0 
28     0  0        0        0      0        0
29     0  0        0        0      0        0
30     0  0        0        0      0        0
31     0  0        0        0      0        0 
32     0  0        0        0      0        0
33     0  0        0        0      0        0
34     0  0        0        0      0        0
35     0  0        0        0      0        0 
36     0  0        0        0      0        0
37     0  0        0        0      0        0
38     0  0        0        0      0        0
39     0  0        0        0      0        0
40     0  0        0        0      0        0 
41     0  0        0        0      0        0
42     0  0        0        0      0        0
43     0  0        0        0      0        0
44     0  0        0        0      0        0 
45     0  0        0        0      0        0
46     0  0        0        0      0        0
47     0  0        0        0      0        0
48     0  0        0        0      0        0 
49     0  0        0        0      0        0
50     0  0        0        0      0        0
51     0  0        0        0      0        0
52    0  0        0        0      0        0
53     0  0        0        0      0        0
54     0  0        0        0      0        0
55     0  0        0        0      0        0 
56     0  0        0        0      0        0
57     0  0        0        0      0        0
58     0  0        0        0      0        0
59     0  0        0        0      0        0 
60     0  0        0        0      0        0
61     0  0        0        0      0        0
62     0  0        0        0      0        0
63     0  0        0        0      0        0
64     0  0        0        0      0        0 
65     0  0        0        0      0        0
66     0  0        0        0      0        0
67     0  0        0        0      0        0
68     0  0        0        0      0        0 
69     0  0        0        0      0        0
70     0  0        0        0      0        0
71     0  0        0        0      0        0
72     0  0        0        0      0        0 
73     0  0        0        0      0        0
74       0         0           0          0         0         0
75       0         0           0          0         0         0
76       0         0           0          0         0         0
77        0         0           0          0         0         0 
78        0         0           0          0         0         0
79        0         0           0          0         0         0
80        0         0           0          0         0         0
81        0         0           0          0         0         0
82        0         0           0          0         0         0
83        0         0           0          0         0         0 
84        0         0           0          0         0         0
85        0         0           0          0         0         0
86       0         0           0          0         0         0
87       0         0           0          0         0         0
88       0         0           0          0         0         0
89       0         0           0          0         0         0
90        0         0           0          0         0         0 
91        0         0           0          0         0         0
92        0         0           0          0         0         0
93        0         0           0          0         0         0
94        0         0           0          0         0         0
95        0         0           0          0         0         0
96        0         0           0          0         0         0 
97       0         0           0          0         0         0
98       0         0           0          0         0         0
99       0         0           0          0         0         0
100       0         0           0          0         0         0
101       0         0           0          0         0         0
102       0         0           0          0         0         0
103        0         0           0          0         0         0
104        0         0           0          0         0         0
105        0         0           0          0         0         0
106        0         0           0          0         0         0 
107       0         0           0          0         0         0
108       0         0           0          0         0         0
109       0         0           0          0         0         0
110       0         0           0          0         0         0
111       0         0           0          0         0         0
112      0         0           0          0         0         0
113        0         0           0          0         0         0 
114        0         0           0          0         0         0
115        0         0           0          0         0         0
116        0         0           0          0         0         0
117        0         0           0          0         0         0
118        0         0           0          0         0         0
119        0         0           0          0         0         0 
Net capacitors in the system in KVar
Bus   Qcap_A   Qcap_B   Qcap_C
1       0        0        0
2       0        0        0
3       0         0        0
4       0         0       0
5       0        0        0
6       0        0        0
7       0         0        0
8       0         0       0
9       0      0     0
10       0        0        0
11       0        0        0
12       0         0        0
13       0         0       0
14       0        0        0
15       0        0        0
16       0         0        0
17       0         0       0
18       0        0        0
19       0        0        0
20       0         0        0
21       0         0       0
22       0      0      0
23       0        0        0
24       0        0        0
25       0         0        0
26       0         0       0
27       0         0        0
28       0         0       0
29       0      0     0
30       0        0        0
31       0        0        0
32       0         0        0
33       0         0       0
34       0        0        0
35       0        0        0
36       0         0        0
37       0         0       0
38       0        0        0
39       0        0        0
40       0         0        0
41       0         0       0
42       0      0     0
43       0        0        0
44       0        0        0
45       0         0        0
46       0         0       0
47       0         0       0
48       0         0       0
49       0     0      0
50       0        0        0
51       0        0        0
52       0         0        0
53       0         0       0
54       0        0        0
55       0        0        0
56       0         0        0
57       0         0       0
58       0        0        0
59       0        0        0
60       0         0        0
61       0         0       0
62       0     0     0
63       0        0        0
64       0        0        0
65       0         0        0
66       0         0       0
67       0         0        0
68       0         0       0
69       0      0      0
70       0        0        0
71       0        0        0
72       0         0        0
73       0         0       0
74       0        0        0
75       0         0        0
76       0         0       0
77       0         0        0
78       0         0       0
79       0      0      0
80       0        0        0
81       0        0        0
82       0         0        0
83       0         0       0
84       0        0        0
85       0        0        0
86       0         0        0
87       0         0       0
88       0        0        0
89       0        0        0
90       0         0        0
91       0         0       0
92       0      0      0
93       0        0        0
94       0        0        0
95       0         0        0
96       0         0       0
97       0         0       0
98       0         0       0
99       0     0      0
100       0        0        0
101       0        0        0
102       0         0        0
103       0         0       0
104       0        0        0
105       0        0        0
106       0         0        0
107       0         0       0
108       0        0        0
109       0        0        0
110       0         0        0
111       0         0       0
112       0      0      0
113       0        0        0
114       0        0        0
115       0         0        0
116       0         0       0
117       0         0        0
118       0         0       0
119       0      0      0
CVR_P CVR_Q                
0 0    
Net reactive DGs in the system 
Bus Phase_A Phase_B Phase_C
1       0        0        0
2       0        0        0
3       0         0        0
4       0         0       0
5       0        0        0
6       0        0        0
7       0         0        0
8       0         0       0
9       0      0      0
10       0        0        0
11       0        0        0
12       0         0        0
13       0         0       0
14       0        0        0
15       0        0        0
16       0         0        0
17       0         0       0
18       0        0        0
19       0        0        0
20       0         0        0
21       0         0       0
22       0     0      0
23       0        0        0
24       0        0        0
25       0         0        0
26       0         0       0
27       0         0        0
28       0         0       0
29       0      0      0
30       0        0        0
31       0        0        0
32       0         0        0
33       0         0       0
34       0        0        0
35       0        0        0
36       0         0        0
37       0         0       0
38       0        0        0
39       0        0        0
40       0         0        0
41       0         0       0
42       0      0      0
43       0        0        0
44       0        0        0
45       0         0        0
46       0         0       0
47       0         0       0
48       0         0       0
49       0     0      0
50       0        0        0
51       0        0        0
52       0         0        0
53       0         0       0
54       0        0        0
55       0        0        0
56       0         0        0
57       0         0       0
58       0        0        0
59       0        0        0
60       0         0        0
61       0         0       0
62       0      0      0
63       0        0        0
64       0        0        0
65       0         0        0
66       0         0       0
67       0         0        0
68       0         0       0
69       0      0      0
70       0        0        0
71       0        0        0
72       0         0        0
73       0         0       0
74       0        0        0
75       0         0        0
76       0         0       0
77       0         0        0
78       0         0       0
79       0      0      0
80       0        0        0
81       0        0        0
82       0         0        0
83       0         0       0
84       0        0        0
85       0        0        0
86       0         0        0
87       0         0       0
88       0        0        0
89       0        0        0
90       0         0        0
91       0         0       0
92       0      0      0
93       0        0        0
94       0        0        0
95       0         0        0
96       0         0       0
97       0         0       0
98       0         0       0
99       0     0      0
100       0        0        0
101       0        0        0
102       0         0        0
103       0         0       0
104       0        0        0
105       0        0        0
106       0         0        0
107       0         0       0
108       0        0        0
109       0        0        0
110       0         0        0
111       0         0       0
112       0      0      0
113       0        0        0
114       0        0        0
115       0         0        0
116       0         0       0
117       0         0        0
118       0         0       0
119       0      0      0
4 Voltage Regulators in the system
From Bus To Bus Phase_A Phase_B Phase_C
9 14 1 0 0
25 26 1 0 3 
118 67 1 2 3
121 116 1 2 3